2-State Environment Evolution Results
====================================

Grid Configuration:
- Width: 10
- Height: 50
- Total cells: 500

Event Count Progression:
Step | Events
-----|-------
0    | 1
1    | 2
2    | 3
3    | 5
4    | 5
5    | 7
6    | 7
7    | 8
8    | 9
9    | 9
10    | 9
11    | 10
12    | 10
13    | 11
14    | 10
15    | 9
16    | 11
17    | 11
18    | 11
19    | 11
20    | 12
21    | 13
22    | 14
23    | 14
24    | 15
25    | 18
26    | 19
27    | 22
28    | 25
29    | 26
30    | 25
31    | 26
32    | 28
33    | 29
34    | 32
35    | 33
36    | 35
37    | 35
38    | 37
39    | 37
40    | 37
41    | 37
42    | 42
43    | 41
44    | 38
45    | 39
46    | 39
47    | 43
48    | 50
49    | 52
50    | 53
51    | 52
52    | 51
53    | 51
54    | 52
55    | 55
56    | 54
57    | 56
58    | 54
59    | 53
60    | 54
61    | 57
62    | 56
63    | 56
64    | 58
65    | 59
66    | 55
67    | 57
68    | 59
69    | 57
70    | 57
71    | 56
72    | 60
73    | 60
74    | 62
75    | 66
76    | 63
77    | 67
78    | 69
79    | 69
80    | 75
81    | 79
82    | 84
83    | 86
84    | 89
85    | 88
86    | 91
87    | 93
88    | 99
89    | 99
90    | 97
91    | 106
92    | 109
93    | 112
94    | 114
95    | 112
96    | 111
97    | 117
98    | 116
99    | 121
100    | 117
101    | 116
102    | 115
103    | 117
104    | 112
105    | 111
106    | 111
107    | 109
108    | 113
109    | 110
110    | 107
111    | 105
112    | 110
113    | 111
114    | 111
115    | 116
116    | 112
117    | 111
118    | 118
119    | 119
120    | 117
121    | 116
122    | 118
123    | 119
124    | 121
125    | 116
126    | 119
127    | 116
128    | 120
129    | 123
130    | 122
131    | 122
132    | 127
133    | 132
134    | 126
135    | 125
136    | 123
137    | 129
138    | 128
139    | 129
140    | 123
141    | 123
142    | 119
143    | 120
144    | 120
145    | 124
146    | 120
147    | 115
148    | 110
149    | 115
150    | 117
151    | 120
152    | 131
153    | 132
154    | 131
155    | 138
156    | 142
157    | 147
158    | 147
159    | 147
160    | 142
161    | 144
162    | 139
163    | 144
164    | 151
165    | 154
166    | 159
167    | 162
168    | 156
169    | 157
170    | 165
171    | 170
172    | 167
173    | 165
174    | 169
175    | 173
176    | 168
177    | 166
178    | 163
179    | 161
180    | 164
181    | 163
182    | 159
183    | 156
184    | 151
185    | 150
186    | 150
187    | 154
188    | 154
189    | 159
190    | 163
191    | 157
192    | 158
193    | 159
194    | 153
195    | 153
196    | 154
197    | 150
198    | 149
199    | 149
200    | 144
201    | 151
202    | 157
203    | 160
204    | 156
205    | 158
206    | 162
207    | 169
208    | 166
209    | 161
210    | 161
211    | 162
212    | 153
213    | 153
214    | 153
215    | 151
216    | 149
217    | 157
218    | 160
219    | 157
220    | 152
221    | 161
222    | 169
223    | 166
224    | 155
225    | 148
226    | 149
227    | 147
228    | 146
229    | 151
230    | 145
231    | 149
232    | 145
233    | 148
234    | 142
235    | 140
236    | 136
237    | 134
238    | 140
239    | 145
240    | 141
241    | 143
242    | 153
243    | 150
244    | 145
245    | 154
246    | 152
247    | 159
248    | 163
249    | 166
250    | 165
251    | 166
252    | 161
253    | 165
254    | 173
255    | 178
256    | 172
257    | 173
258    | 174
259    | 179
260    | 180
261    | 178
262    | 184
263    | 185
264    | 187
265    | 184
266    | 179
267    | 185
268    | 188
269    | 186
270    | 183
271    | 184
272    | 186
273    | 184
274    | 191
275    | 194
276    | 194
277    | 189
278    | 191
279    | 192
280    | 185
281    | 186
282    | 186
283    | 183
284    | 183
285    | 183
286    | 178
287    | 186
288    | 186
289    | 192
290    | 195
291    | 192
292    | 193
293    | 198
294    | 196
295    | 198
296    | 200
297    | 195
298    | 197
299    | 193
300    | 189
301    | 190
302    | 193
303    | 192
304    | 187
305    | 192
306    | 197
307    | 187
308    | 188
309    | 192
310    | 188
311    | 192
312    | 185
313    | 182
314    | 189
315    | 197
316    | 199
317    | 198
318    | 197
319    | 192
320    | 191
321    | 186
322    | 190
323    | 193
324    | 193
325    | 198
326    | 198
327    | 191
328    | 181
329    | 183
330    | 184
331    | 181
332    | 183
333    | 181
334    | 181
335    | 180
336    | 179
337    | 179
338    | 176
339    | 181
340    | 176
341    | 173
342    | 180
343    | 183
344    | 183
345    | 180
346    | 178
347    | 174
348    | 174
349    | 176
350    | 174
351    | 171
352    | 171
353    | 166
354    | 168
355    | 162
356    | 164
357    | 169
358    | 179
359    | 177
360    | 176
361    | 167
362    | 173
363    | 174
364    | 176
365    | 178
366    | 171
367    | 162
368    | 161
369    | 158
370    | 152
371    | 152
372    | 158
373    | 149
374    | 156
375    | 154
376    | 144
377    | 144
378    | 151
379    | 155
380    | 150
381    | 150
382    | 149
383    | 151
384    | 150
385    | 144
386    | 140
387    | 137
388    | 139
389    | 139
390    | 137
391    | 144
392    | 145
393    | 144
394    | 134
395    | 141
396    | 140
397    | 135
398    | 133
399    | 129
400    | 132
401    | 129
402    | 130
403    | 127
404    | 126
405    | 132
406    | 132
407    | 136
408    | 140
409    | 138
410    | 140
411    | 141
412    | 147
413    | 141
414    | 143
415    | 148
416    | 143
417    | 147
418    | 147
419    | 155
420    | 152
421    | 147
422    | 147
423    | 149
424    | 154
425    | 155
426    | 154
427    | 155
428    | 158
429    | 155
430    | 162
431    | 150
432    | 144
433    | 144
434    | 149
435    | 151
436    | 153
437    | 157
438    | 157
439    | 158
440    | 151
441    | 153
442    | 154
443    | 157
444    | 163
445    | 163
446    | 159
447    | 162
448    | 161
449    | 161
450    | 166
451    | 163
452    | 173
453    | 169
454    | 171
455    | 172
456    | 169
457    | 172
458    | 169
459    | 170
460    | 169
461    | 169
462    | 171
463    | 170
464    | 165
465    | 166
466    | 162
467    | 162
468    | 160
469    | 168
470    | 166
471    | 165
472    | 159
473    | 160
474    | 165
475    | 158
476    | 158
477    | 158
478    | 156
479    | 158
480    | 155
481    | 158
482    | 153
483    | 153
484    | 160
485    | 162
486    | 162
487    | 159
488    | 160
489    | 165
490    | 173
491    | 175
492    | 176
493    | 179
494    | 179
495    | 173
496    | 166
497    | 168
498    | 164
499    | 164
500    | 166
501    | 165
502    | 163
503    | 168
504    | 171
505    | 176
506    | 173
507    | 164
508    | 166
509    | 171
510    | 171
511    | 173
512    | 161
513    | 165
514    | 165
515    | 166
516    | 172
517    | 169
518    | 168
519    | 170
520    | 159
521    | 158
522    | 159
523    | 159
524    | 153
525    | 148
526    | 153
527    | 154
528    | 151
529    | 151
530    | 153
531    | 159
532    | 161
533    | 158
534    | 162
535    | 154
536    | 151
537    | 152
538    | 152
539    | 151
540    | 147
541    | 152
542    | 150
543    | 149
544    | 153
545    | 144
546    | 144
547    | 146
548    | 154
549    | 156
550    | 151
551    | 152
552    | 151
553    | 145
554    | 143
555    | 140
556    | 142
557    | 145
558    | 149
559    | 149
560    | 154
561    | 161
562    | 165
563    | 160
564    | 158
565    | 162
566    | 162
567    | 163
568    | 164
569    | 164
570    | 161
571    | 158
572    | 154
573    | 148
574    | 152
575    | 146
576    | 144
577    | 142
578    | 141
579    | 138
580    | 138
581    | 133
582    | 139
583    | 140
584    | 146
585    | 146
586    | 156
587    | 160
588    | 163
589    | 158
590    | 162
591    | 161
592    | 158
593    | 164
594    | 168
595    | 165
596    | 160
597    | 159
598    | 167
599    | 163
600    | 165
601    | 169
602    | 175
603    | 177
604    | 174
605    | 179
606    | 178
607    | 176
608    | 174
609    | 169
610    | 166
611    | 166
612    | 165
613    | 164
614    | 164
615    | 167
616    | 166
617    | 165
618    | 161
619    | 163
620    | 165
621    | 162
622    | 172
623    | 175
624    | 171
625    | 166
626    | 168
627    | 167
628    | 169
629    | 170
630    | 174
631    | 167
632    | 164
633    | 168
634    | 171
635    | 176
636    | 182
637    | 178
638    | 183
639    | 187
640    | 179
641    | 182
642    | 175
643    | 177
644    | 170
645    | 173
646    | 166
647    | 167
648    | 169
649    | 164
650    | 165
651    | 164
652    | 162
653    | 164
654    | 158
655    | 149
656    | 153
657    | 148
658    | 152
659    | 152
660    | 148
661    | 147
662    | 146
663    | 144
664    | 140
665    | 132
666    | 134
667    | 134
668    | 131
669    | 135
670    | 133
671    | 128
672    | 125
673    | 126
674    | 125
675    | 122
676    | 122
677    | 125
678    | 129
679    | 129
680    | 132
681    | 134
682    | 130
683    | 131
684    | 130
685    | 135
686    | 135
687    | 140
688    | 142
689    | 145
690    | 142
691    | 141
692    | 143
693    | 139
694    | 135
695    | 143
696    | 143
697    | 140
698    | 138
699    | 140
700    | 139
701    | 135
702    | 139
703    | 138
704    | 137
705    | 137
706    | 138
707    | 144
708    | 140
709    | 138
710    | 134
711    | 135
712    | 135
713    | 141
714    | 143
715    | 140
716    | 138
717    | 138
718    | 138
719    | 139
720    | 140
721    | 141
722    | 143
723    | 148
724    | 143
725    | 134
726    | 136
727    | 143
728    | 143
729    | 147
730    | 149
731    | 146
732    | 150
733    | 157
734    | 161
735    | 163
736    | 166
737    | 164
738    | 166
739    | 169
740    | 163
741    | 165
742    | 162
743    | 160
744    | 165
745    | 158
746    | 166
747    | 171
748    | 173
749    | 173
750    | 176
751    | 175
752    | 170
753    | 169
754    | 171
755    | 171
756    | 168
757    | 169
758    | 172
759    | 178
760    | 172
761    | 170
762    | 171
763    | 172
764    | 176
765    | 176
766    | 172
767    | 171
768    | 171
769    | 158
770    | 153
771    | 157
772    | 161
773    | 170
774    | 168
775    | 164
776    | 162
777    | 164
778    | 161
779    | 162
780    | 158
781    | 158
782    | 156
783    | 159
784    | 163
785    | 162
786    | 159
787    | 158
788    | 145
789    | 151
790    | 146
791    | 148
792    | 152
793    | 150
794    | 145
795    | 146
796    | 148
797    | 149
798    | 156
799    | 149
800    | 153
801    | 153
802    | 155
803    | 148
804    | 148
805    | 151
806    | 155
807    | 155
808    | 152
809    | 147
810    | 143
811    | 146
812    | 150
813    | 153
814    | 161
815    | 162
816    | 163
817    | 168
818    | 168
819    | 163
820    | 167
821    | 165
822    | 167
823    | 164
824    | 168
825    | 159
826    | 153
827    | 150
828    | 150
829    | 145
830    | 152
831    | 156
832    | 158
833    | 164
834    | 166
835    | 175
836    | 181
837    | 184
838    | 185
839    | 178
840    | 178
841    | 178
842    | 184
843    | 185
844    | 181
845    | 188
846    | 189
847    | 188
848    | 176
849    | 169
850    | 163
851    | 165
852    | 170
853    | 169
854    | 164
855    | 162
856    | 166
857    | 170
858    | 167
859    | 172
860    | 170
861    | 168
862    | 173
863    | 171
864    | 169
865    | 170
866    | 173
867    | 173
868    | 167
869    | 165
870    | 165
871    | 163
872    | 157
873    | 158
874    | 161
875    | 157
876    | 158
877    | 154
878    | 156
879    | 162
880    | 157
881    | 155
882    | 159
883    | 154
884    | 152
885    | 154
886    | 158
887    | 158
888    | 156
889    | 157
890    | 161
891    | 170
892    | 170
893    | 171
894    | 178
895    | 177
896    | 174
897    | 171
898    | 171
899    | 173
900    | 168
901    | 168
902    | 169
903    | 172
904    | 172
905    | 164
906    | 161
907    | 156
908    | 151
909    | 155
910    | 152
911    | 148
912    | 143
913    | 141
914    | 135
915    | 133
916    | 131
917    | 135
918    | 137
919    | 143
920    | 143
921    | 135
922    | 130
923    | 126
924    | 129
925    | 126
926    | 129
927    | 131
928    | 136
929    | 135
930    | 129
931    | 128
932    | 125
933    | 130
934    | 140
935    | 139
936    | 140
937    | 141
938    | 137
939    | 144
940    | 141
941    | 149
942    | 149
943    | 154
944    | 154
945    | 149
946    | 150
947    | 150
948    | 151
949    | 152
950    | 153
951    | 155
952    | 154
953    | 152
954    | 149
955    | 150
956    | 153
957    | 151
958    | 160
959    | 161
960    | 161
961    | 155
962    | 159
963    | 162
964    | 154
965    | 155
966    | 154
967    | 152
968    | 154
969    | 154
970    | 158
971    | 153
972    | 152
973    | 145
974    | 142
975    | 147
976    | 143
977    | 139
978    | 140
979    | 139
980    | 143
981    | 142
982    | 143
983    | 141
984    | 143
985    | 147
986    | 146
987    | 150
988    | 149
989    | 155
990    | 155
991    | 160
992    | 155
993    | 154
994    | 157
995    | 160
996    | 167
997    | 169
998    | 167
999    | 164
1000    | 159

Statistics:
- Total simulation steps: 1001
- Maximum events: 200
- Minimum events: 1
- Average events: 145.87

Peak events at step 296: 200
Minimum events at step 0: 1

Spatial Pattern Analysis:
Step 0: Q1=0, Q2=1, Q3=0, Q4=0
Step 499: Q1=38, Q2=46, Q3=40, Q4=40
Step 1000: Q1=43, Q2=42, Q3=40, Q4=34

Final State Grid:
Final State: 159 events
=======================

    1 2 3 4 5 6 7 8 910
 1  □ □ ■ □ □ ■ □ □ □ □
 2  ■ □ □ □ ■ □ ■ □ □ □
 3  □ □ ■ ■ ■ □ □ □ □ ■
 4  □ □ □ ■ □ □ □ □ ■ □
 5  ■ ■ □ □ □ □ □ □ □ □
 6  □ ■ □ ■ □ □ ■ ■ ■ □
 7  ■ □ □ □ □ ■ □ □ ■ □
 8  □ □ □ □ ■ □ ■ ■ □ □
 9  □ ■ □ □ □ ■ □ □ □ □
10  ■ □ □ □ □ □ □ □ □ □
11  □ □ ■ □ □ ■ □ □ □ □
12  □ ■ □ ■ □ ■ □ ■ □ □
13  □ □ □ □ ■ ■ ■ □ □ □
14  □ □ ■ □ ■ ■ ■ □ ■ □
15  □ ■ ■ □ ■ □ ■ □ ■ □
16  □ □ □ □ □ ■ ■ ■ ■ □
17  □ ■ □ □ ■ □ □ □ □ □
18  ■ □ ■ ■ □ ■ ■ □ ■ □
19  □ ■ ■ □ □ □ ■ □ □ ■
20  □ ■ □ ■ □ □ □ ■ □ □
21  □ □ □ □ ■ ■ □ ■ ■ ■
22  □ □ ■ ■ ■ □ □ □ ■ □
23  □ □ □ ■ □ □ ■ ■ □ □
24  □ □ □ □ □ ■ ■ □ □ □
25  ■ ■ ■ ■ ■ □ ■ □ □ □
26  □ ■ ■ ■ □ □ □ ■ □ □
27  □ ■ ■ ■ ■ □ ■ □ □ □
28  □ □ □ ■ □ □ ■ □ □ □
29  □ ■ □ ■ □ □ □ □ □ □
30  □ □ □ □ □ ■ □ □ □ □
31  □ □ □ □ □ □ □ □ □ □
32  □ □ □ □ □ □ ■ □ □ □
33  □ □ ■ □ □ □ ■ □ □ □
34  □ □ ■ ■ □ □ ■ ■ □ □
35  ■ ■ ■ ■ □ □ ■ ■ ■ □
36  ■ ■ ■ □ □ □ □ ■ □ □
37  ■ ■ □ □ □ □ □ □ □ □
38  □ ■ □ □ ■ □ □ □ □ □
39  ■ □ □ □ □ ■ ■ □ □ □
40  ■ □ □ □ □ □ □ ■ ■ □
41  □ ■ ■ ■ □ □ □ ■ ■ ■
42  □ □ □ □ □ ■ ■ □ □ □
43  □ □ ■ □ ■ ■ ■ ■ ■ ■
44  □ □ □ ■ □ □ ■ □ ■ □
45  □ □ □ ■ □ □ ■ ■ □ □
46  □ □ □ □ ■ □ ■ □ ■ ■
47  ■ ■ ■ □ □ ■ □ □ □ □
48  □ □ □ □ □ □ □ □ □ □
49  □ □ □ □ □ □ □ □ □ □
50  □ ■ ■ ■ □ □ □ □ □ □

